20160102	294
20160105	30
20160108	46
20160111	23
20160114	84
20160117	68
20160120	146
20160123	41
20160126	58
20160129	93
20160201	26
20160204	25
20160207	68
20160210	96
20160213	20
20160216	38
20160219	35
20160222	113
20160225	42
20160228	55
20160303	310
20160306	112
20160309	24
20160312	133
20160315	169
20160318	287
20160321	151
20160324	29
20160327	38
20160330	55
20160402	29
20160405	148
20160408	62
20160411	77
20160414	71
20160417	35
20160420	92
20160423	47
20160426	109
20160429	152
20160501	244
20160504	55
20160507	42
20160510	58
20160513	54
20160516	50
20160519	122
20160522	71
20160525	40
20160528	74
20160531	134
20160603	100
20160606	113
20160609	162
20160612	102
20160615	38
20160618	71
20160621	114
20160624	34
20160627	83
20160630	93
20160103	304
20160106	53
20160109	93
20160112	26
20160115	118
20160118	41
20160121	174
20160124	47
20160127	121
20160130	70
20160202	39
20160205	31
20160208	237
20160211	220
20160214	21
20160217	54
20160220	27
20160223	25
20160226	51
20160229	40
20160301	144
20160304	380
20160307	65
20160310	42
20160313	62
20160316	289
20160319	87
20160322	149
20160325	34
20160328	139
20160331	197
20160403	43
20160406	169
20160409	161
20160412	101
20160415	80
20160418	36
20160421	143
20160424	118
20160427	118
20160430	206
20160502	82
20160505	78
20160508	90
20160511	187
20160514	55
20160517	87
20160520	123
20160523	102
20160526	44
20160529	62
20160601	80
20160604	112
20160607	79
20160610	76
20160613	64
20160616	50
20160619	100
20160622	77
20160625	34
20160628	77
20160101	206
20160104	80
20160107	22
20160110	77
20160113	39
20160116	168
20160119	81
20160122	57
20160125	43
20160128	158
20160131	29
20160203	51
20160206	34
20160209	65
20160212	197
20160215	56
20160218	39
20160221	116
20160224	47
20160227	32
20160302	204
20160305	205
20160308	28
20160311	46
20160314	99
20160317	335
20160320	85
20160323	40
20160326	34
20160329	56
20160401	111
20160404	96
20160407	142
20160410	124
20160413	162
20160416	70
20160419	95
20160422	80
20160425	126
20160428	116
20160503	55
20160506	137
20160509	56
20160512	69
20160515	55
20160518	89
20160521	105
20160524	43
20160527	85
20160530	92
20160602	114
20160605	105
20160608	154
20160611	31
20160614	52
20160617	48
20160620	118
20160623	109
20160626	72
20160629	145
